NAME	= input_dem
DESCRIPTION	= 
UNIT	= 
DATAFORMAT	= FLOAT
DATAFILE_OFFSET	= 0
BYTEORDER_BIG	= FALSE
TOPTOBOTTOM	= FALSE
POSITION_XMIN	= 413191.3511999999755062
POSITION_YMIN	= 4613421.8302999995648861
CELLCOUNT_X	= 2887
CELLCOUNT_Y	= 2466
CELLSIZE	= 0.2500000000000000
Z_FACTOR	= 1.000000
Z_OFFSET	= 0.000000
NODATA_VALUE	= 0.000000;0.000000
